NAME	former PTDATA name 		POSITION				SIZE
				R (m)	Z (m)	tor (deg)tilt (deg)L (m)W (m)	NA(m2)
   MPI66M020   id    2.41    0.002    19.5    -89.9   0.139   0.0556   0.06202  
   MPI66M067   id   2.413    0.003    67.5    -89.9   0.141   0.0556   0.06218  
   MPI66M097   id   2.413   -0.005    97.4    -89.8   0.137   0.0556   0.06087  
   MPI66M127   id   2.413    0.002   127.9    -90.0    0.14   0.0556   0.05984  
   MPI66M132    d   2.409    0.007   132.5    -90.3   0.055   0.0556   0.02387  
   MPI66M137    d   2.416    0.006   137.4    -90.4   0.054   0.0556    0.0231  
   MPI66M157   id   2.413   -0.001   157.6    -89.8   0.137   0.0556   0.06109  
   MPI66M200   id   2.412    0.003   199.7    -89.9   0.139   0.0556   0.06048  
   MPI66M247   id   2.413   -0.003   246.4    -90.5    0.14   0.0556    0.0615  
   MPI66M277   id   2.413   -0.009   277.5    -89.7   0.137   0.0556   0.06194  
   MPI66M307   id   2.413    0.001   307.0    -90.2    0.14   0.0556   0.05984  
   MPI66M312    d   2.411   -0.001   312.4    -90.0   0.054   0.0556   0.02297  
   MPI66M322   id   2.418   -0.001   317.4    -89.9    0.14   0.0556    0.0604  
   MPI66M340   id   2.413   -0.002   339.7    -89.8    0.14   0.0556   0.06072  
   MPI11M322   id   0.973   -0.002   322.5     89.9   0.115   0.0556   0.04977  
    MPI1A322   id   0.974    0.182   322.5     90.0    0.14   0.0556   0.05798  
    MPI2A322   id   0.974    0.512   322.5     89.7    0.14   0.0556   0.05929  
    MPI3A322   id   0.975     0.85   322.5     90.2    0.14   0.0556   0.05843  
    MPI4A322   id   0.972    1.161   322.5     90.5    0.14   0.0556   0.05851  
    MPI5A322   id   1.051     1.33   322.5     44.6   0.141   0.0556   0.05891  
    MPI8A322   id   1.219    1.406   322.5      0.3   0.139   0.0556   0.06072  
   MPI89A322   id   1.402    1.407   322.5      0.7   0.115   0.0556   0.04833  
    MPI9A322   id   1.584    1.408   322.5      0.6    0.14   0.0556   0.05917  
  MPI79FA322   id   1.783    1.323   322.5    -39.3   0.141   0.0556   0.05963  
  MPI79NA322   id   1.924    1.206   322.5    -39.2   0.114   0.0556   0.04792  
   MPI7FA322   id   2.067     1.09   322.5    -39.4    0.14   0.0556     0.057  
   MPI7NA322   id   2.219     0.87   323.3    -68.1    0.14   0.0556   0.05863  
   MPI67A322   id    2.27    0.746   321.7    -67.9   0.141   0.0556   0.05998  
   MPI6FA322   id   2.319    0.623   323.2    -68.0    0.14   0.0556   0.05768  
   MPI6NA322   id   2.416    0.249   317.4    -89.3   0.141   0.0556   0.05958  
   MPI66M322   id   2.418   -0.001   317.4    -89.9    0.14   0.0556    0.0604  
    MPI1B322   id   0.974   -0.187   322.5     90.1    0.14   0.0556   0.06017  
    MPI2B322   id   0.975   -0.512   322.5     90.3    0.14   0.0556   0.05962  
    MPI3B322   id   0.974   -0.854   322.5     89.8    0.14   0.0556    0.0596  
    MPI4B322   id   0.972   -1.159   322.5     89.6   0.141   0.0556   0.05856  
    MPI5B322   id   1.048    -1.33   322.5    136.4    0.14   0.0556   0.06048  
    MPI8B322   id   1.254   -1.405   322.5   -180.0    0.14   0.0556   0.05967  
   MPI89B322   id   1.477   -1.406   322.5   -179.9    0.14   0.0556   0.05817  
    MPI9B322   id   1.699   -1.406   322.5    179.9   0.142   0.0556   0.05849  
   MPI79B322   id   1.894   -1.333   322.5   -129.5   0.141   0.0556   0.05751  
   MPI7FB322   id   2.085   -1.102   322.5   -129.2    0.14   0.0556   0.05773  
   MPI7NB322   id   2.212   -0.873   323.4   -113.5   0.141   0.0556   0.05741  
   MPI67B322   id   2.263   -0.749   321.7   -112.8    0.14   0.0556   0.06145  
   MPI6FB322   id   2.315   -0.624   323.3   -113.4    0.14   0.0556   0.05904  
   MPI6NB322   id   2.416   -0.244   317.4    -90.8    0.14   0.0556   0.06041  
    MPI1U157   id   1.445    1.277   155.0    -40.6   0.027   0.0556   0.01198  
    MPI2U157   id    1.56    1.187   155.0    -40.8   0.027   0.0556   0.01227  
    MPI3U157   id   1.723    1.112   155.0     -3.3   0.027   0.0556   0.01229  
    MPI4U157   id   1.873    1.116   155.4     -2.8   0.054   0.0556   0.02398  
    MPI5U157   id   1.218    1.298   152.2     66.3   0.027   0.0556   0.01139  
    MPI6U157   id   1.075    1.202   152.2      0.7   0.027   0.0556   0.01154  
    MPI7U157   id   0.976    0.979   157.5     90.3   0.027   0.0556   0.01144  
   MPI66M127   id   2.413    0.002   127.9    -90.0    0.14   0.0556   0.05984  
