R0 = 1.69
 &wall
 r = 2.4587677166 2.4587674293 2.4587652492 2.4587586244 2.4587409808 
 2.4586980041 2.4586015051 2.4584009021 2.4580135203 2.4573161925 2.456142403 
 2.454289487 2.4515397894 2.4476954957 2.4426200539 2.4362719576 2.4287154775 
 2.4201032037 2.4106390685 2.4005379216 2.3899943665 2.3791653197 
 2.3681653801 2.3570706822 2.3459273292 2.3347603838 2.3235812197 
 2.3123918987 2.3011862354 2.2899477354 2.2786446774 2.2672235729 
 2.2556032005 2.2436718681 2.2312920773 2.2183144828 2.2046010285 
 2.1900524945 2.174630991 2.1583687125 2.1413590315 2.1237341905 2.1056388366 
 2.0872073079 2.0685482714 2.0497360364 2.030805569 2.0117474559 1.9925003839 
 1.9729406788 1.9528726555 1.9320272829 1.9100835117 1.8867314466 
 1.8617845623 1.8352951643 1.807565695 1.7790132802 1.7500028923 1.7207733114 
 1.69145171 1.6620959368 1.63272896735 1.60335878352 1.57398780032 
 1.54461664474 1.51524545874 1.48587426767 1.45650307998 1.42713191088 
 1.39776084487 1.3683902791 1.33902177175 1.30966060238 1.28032223618 
 1.25104616845 1.2219203451 1.19311394865 1.16490166156 1.13764674764 
 1.11172746269 1.0874538558 1.06505007505 1.04471087266 1.02666769075 
 1.011195276 0.99852893049 0.98872948915 0.98159826882 0.97671565095 
 0.97356404093 0.97164481102 0.97054384193 0.96995089529 0.96965239059 
 0.96951257858 0.96945193631 0.96942768819 0.96941879034 0.96941580918 
 0.96941490165 0.96941465322 0.96941459069 0.96941457717 0.96941457548 
 49*0.96941457379 0.96941457548 0.96941457717 0.96941459069 0.96941465322 
 0.96941490165 0.96941580918 0.96941879034 0.96942768819 0.96945193631 
 0.96951257858 0.96965239059 0.96995089529 0.97054384193 0.97164481102 
 0.97356404093 0.97671565095 0.98159826882 0.98872948915 0.99852893049 
 1.011195276 1.02666769075 1.04471087266 1.06505007505 1.0874538558 
 1.11172746269 1.13764674764 1.16490166156 1.19311395034 1.22192034679 
 1.25104617859 1.28032226153 1.30966066491 1.33902190357 1.36839051739 
 1.39776121836 1.42713239253 1.4565034484 1.48587355111 1.51524006933 
 1.54459501612 1.57391722423 1.60315813827 1.63222201298 1.6609496774 
 1.68912641534 1.7165322226 1.7430196433 1.7685678127 1.7932766605 
 1.8173170457 1.8408749866 1.864114109 1.8871591687 1.9100948685 1.9329724323 
 1.9558179199 1.9786386321 2.0014255274 2.0241512785 2.0467644418 
 2.0691814806 2.0912786531 2.1128872804 2.1337968223 2.1537721829 
 2.1725896907 2.1900879338 2.2062146236 2.2210441539 2.2347554112 
 2.2475834914 2.259769304 2.2715235413 2.2830095249 2.2943413298 2.3055912542 
 2.3168006186 2.3279899903 2.3391663152 2.3503258584 2.3614530719 
 2.3725157274 2.3834569395 2.3941863439 2.4045730501 2.4144446443 
 2.4235963661 2.4318138559 2.4389087801 2.4447595432 2.44934235 2.4527381853 
 2.4551118917 2.4566735024 2.457638222 2.4581963276 2.4584977729 2.4586492476 
 2.458719822 2.4587501744 2.4587621903 2.4587664829 2.4587677166
 z = 0.0088898307303 -0.020481359782 -0.049852550176 -0.079223740063 
 -0.108594925218 -0.137966084347 -0.167337116388 -0.19670762267 
 -0.22607626184 -0.25543918374 -0.28478692775 -0.31409963806 -0.34334185171 
 -0.37246037088 -0.40138968272 -0.43006661165 -0.45844909188 -0.48652925646 
 -0.51433389358 -0.54191350213 -0.56932702255 -0.59662902494 -0.62386260937 
 -0.6510577294 -0.67823294968 -0.70539848457 -0.73255899171 -0.75971531441 
 -0.78686490077 -0.81400090967 -0.84111008813 -0.86816975804 -0.89514445137 
 -0.92198306928 -0.9486178039 -0.97496642152 -1.00093964958 -1.02645447021 
 -1.05145132443 -1.07590955368 -1.09985403645 -1.12334942031 -1.14648437787 
 -1.16935240331 -1.19203516081 -1.21459102128 -1.23704774297 -1.25939625565 
 -1.28158224103 -1.30349314342 -1.32493947326 -1.34563097474 -1.3651533714 
 -1.38296605083 -1.39846446792 -1.41114600146 -1.42082146609 -1.42770319172 
 -1.43229021 -1.43517017956 -1.43687633258 -1.43782842112 -1.43832693732 
 -1.43857066574 -1.43868129821 -1.43872739634 -1.43874389581 -1.43874556553 
 -1.43873410902 -1.43869917503 -1.43861340922 -1.43842156718 -1.43802400651 
 -1.43725614149 -1.43586729949 -1.43350533183 -1.42971800127 -1.4239887441 
 -1.41582414454 -1.40488208237 -1.39107125196 -1.37453796506 -1.35554741816 
 -1.33436036812 -1.31118692081 -1.28622391729 -1.25972667769 -1.23204031353 
 -1.20354900744 -1.17458684538 -1.14538525933 -1.11607678247 -1.08672618236 
 -1.05736095023 -1.02799126664 -0.99862040512 -0.96924927658 -0.93987809565 
 -0.91050690627 -0.8811357152 -0.85176452582 -0.82239333475 -0.79302214368 
 -0.7636509543 -0.73427976323 -0.70490857216 -0.67553738278 -0.64616619171 
 -0.61679500064 -0.58742381126 -0.55805262019 -0.52868142912 -0.49931023974 
 -0.46993904867 -0.4405678576 -0.41119666653 -0.38182547715 -0.35245428608 
 -0.32308309501 -0.29371190563 -0.26434071456 -0.23496952349 -0.20559833411 
 -0.17622714304 -0.146855952646 -0.117484762083 -0.08811357152 
 -0.058742381126 -0.029371190563 0.0 0.029371190563 0.058742381126 
 0.08811357152 0.117484762083 0.146855952646 0.17622714304 0.20559833411 
 0.23496952349 0.26434071456 0.29371190563 0.32308309501 0.35245428608 
 0.38182547715 0.41119666653 0.4405678576 0.46993904867 0.49931023974 
 0.52868142912 0.55805262019 0.58742381126 0.61679500064 0.64616619171 
 0.67553738278 0.70490857216 0.73427976323 0.7636509543 0.79302214368 
 0.82239333475 0.85176452582 0.8811357152 0.91050690627 0.93987809565 
 0.96924927658 0.99862040512 1.02799126664 1.05736095023 1.08672618236 
 1.11607678247 1.14538525933 1.17458684538 1.20354900744 1.23204031353 
 1.25972667769 1.28622391729 1.31118692081 1.33436036812 1.35554741816 
 1.37453796506 1.39107125196 1.40488208237 1.41582414454 1.42398874241 
 1.42971799113 1.43350527268 1.43586703078 1.43725508186 1.43802030541 
 1.43840992139 1.43858006045 1.43861157388 1.43852174869 1.43826803744 
 1.43774333469 1.436765837 1.43506978511 1.43230670271 1.42807021409 
 1.42195785251 1.41366967001 1.40310836653 1.39041778473 1.37592829257 
 1.36004943282 1.34317549093 1.32563432352 1.30767293592 1.28946324845 
 1.27111602709 1.25269635712 1.23423692314 1.21574687312 1.19721517474 
 1.17860852317 1.15986519961 1.14088772148 1.12153873065 1.10164562404 
 1.08101901687 1.05948654942 1.03693528913 1.0133457334 0.98879805752 
 0.9634455597 0.93747115709 0.91104939965 0.88432535529 0.85740871515 
 0.83037652295 0.80327934687 0.77614806997 0.74900000968 0.72184371233 
 0.6946820374 0.66751345882 0.64033163064 0.61312345536 0.58586621938 
 0.55852491097 0.53105158483 0.50338899052 0.47547996886 0.44728174933 
 0.41878038267 0.38999784395 0.36098639304 0.33181216471 0.30253703155 
 0.27320736885 0.24385201646 0.21448612523 0.18511648051 0.155745680168 
 0.126374574443 0.097003399597 0.0676322114 0.038261021175 0.0088898307303
 /
