     channel          r           z      phi      tilt     length   delta_phi        na         pair  
  MPI66M020D     2.4099    0.002106    19.52    -89.94    0.13942         1.0       nan         None  
  MPI66M067D      2.413       0.003     67.5     -89.9      0.141         1.0       nan         None  
  MPI66M097D      2.413      -0.005     97.4     -89.8      0.137         1.0       nan         None  
  MPI66M127D      2.413       0.002    127.9     -90.0       0.14         1.0       nan         None  
  MPI66M132D      2.413       0.002    132.9     -90.0       0.14         1.0       nan         None  
  MPI66M137D      2.413       0.002    137.9     -90.0       0.14         1.0       nan         None  
  MPI66M157D      2.413      -0.001    157.6     -89.8      0.137         1.0       nan         None  
  MPI66M200D     2.4122     0.00291   199.68    -89.91    0.13945         1.0       nan         None  
  MPI66M247D      2.413      -0.003    246.4     -90.5       0.14         1.0       nan         None  
  MPI66M277D      2.413      -0.009    277.5     -89.7      0.137         1.0       nan         None  
  MPI66M307D      2.413       0.001    307.0     -90.2       0.14         1.0       nan         None  
  MPI66M312D      2.413       0.001    312.0     -90.2       0.14         1.0       nan         None  
  MPI66M322D      2.413       0.001    322.0     -90.2       0.14         1.0       nan         None  
  MPI66M340D      2.413      -0.002    339.7     -89.8       0.14         1.0       nan         None  
  MPID66M020     2.4099    0.002106    19.52    -89.94    0.13942         1.0       nan   MPID66M097  
  MPID66M067      2.413       0.003     67.5     -89.9      0.141         1.0       nan   MPID66M247  
  MPID66M097      2.413      -0.005     97.4     -89.8      0.137         1.0       nan   MPID66M277  
  MPID66M127      2.413       0.002    127.9     -90.0       0.14         1.0       nan   MPID66M307  
  MPID66M157      2.413      -0.001    157.6     -89.8      0.137         1.0       nan   MPID66M340  
  MPID66M200     2.4122     0.00291   199.68    -89.91    0.13945         1.0       nan   MPID66M020  
  MPID66M247      2.413      -0.003    246.4     -90.5       0.14         1.0       nan   MPID66M127  
  MPID66M277      2.413      -0.009    277.5     -89.7      0.137         1.0       nan   MPID66M157  
  MPID66M307      2.413       0.001    307.0     -90.2       0.14         1.0       nan   MPID66M200  
  MPID66M340      2.413      -0.002    339.7     -89.8       0.14         1.0       nan   MPID66M067  
  MPID67A022      2.273       0.767     22.3     -67.4      0.153         1.0       nan   MPID67A052  
  MPID67A037      2.268       0.755     37.5     -67.9      0.155         1.0       nan   MPID67A217  
  MPID67A052       2.27       0.764     52.4     -65.9      0.154         1.0       nan   MPID67A037  
  MPID67A097      2.266       0.758     97.4     -67.6      0.155         1.0       nan   MPID67A277  
  MPID67A157      2.264        0.76    157.5     -67.8      0.156         1.0       nan   MPID67A337  
  MPID67A217      2.268       0.753    217.5     -67.6      0.155         1.0       nan   MPID67A097  
  MPID67A277      2.267       0.756    277.3     -68.0      0.155         1.0       nan   MPID67A157  
  MPID67A337      2.268       0.756    337.4     -67.6      0.155         1.0       nan   MPID67A022  
  MPID67B022      2.253      -0.751     22.4    -112.3      0.154         1.0       nan   MPID67B052  
  MPID67B037      2.264      -0.752     37.4    -112.4      0.156         1.0       nan   MPID67B217  
  MPID67B052      2.257      -0.751     52.4    -112.7      0.154         1.0       nan   MPID67B037  
  MPID67B097      2.262      -0.751     97.4    -112.6      0.156         1.0       nan   MPID67B277  
  MPID67B157       2.26      -0.754    157.4    -112.8      0.155         1.0       nan   MPID67B337  
  MPID67B217      2.266      -0.753    217.6    -112.8      0.155         1.0       nan   MPID67B097  
  MPID67B277       2.26      -0.756    277.5    -112.5      0.155         1.0       nan   MPID67B157  
  MPID67B337      2.265      -0.755    337.4    -112.7      0.155         1.0       nan   MPID67B022  
  MPID79A072     1.7616      1.3115    72.22     -39.0    0.15337         1.0       nan   MPID79A222  
  MPID79A147     1.7617      1.3123   147.22     -39.5    0.15342         1.0       nan   MPID79A072  
  MPID79A222     1.7617      1.3123   222.11     -39.5    0.15329         1.0       nan   MPID79A272  
  MPID79A272     1.7626      1.3109   272.87     -39.1    0.15326         1.0       nan   MPID79A147  
  MPID79B067     2.0391     -1.1104    67.47   -129.42    0.15342         1.0       nan   MPID79B217  
  MPID79B142     2.0436     -1.1098   142.36    -129.1    0.15367         1.0       nan   MPID79B067  
  MPID79B217     2.0461     -1.1094   217.53   -129.64    0.15349         1.0       nan   MPID79B277  
  MPID79B277     2.0426     -1.1097   277.59   -129.24    0.15321         1.0       nan   MPID79B142  
   MPID5A199   0.978237     0.75916   202.55      90.0   0.141409         1.0     980.5    MPIF5A139  
   MPID4A199   0.975949    0.485055   194.98     90.23   0.140773         1.0     974.1    MPIF4A139  
   MPID3A199    0.97727    0.347148   202.59     90.03   0.141392         1.0     980.3    MPIF3A139  
   MPID2A199   0.976151    0.208727   195.03     89.82   0.141454         1.0     976.2    MPIF2A139  
   MPID1A199   0.976311    0.070086    202.6     90.57   0.141316         1.0     979.6    MPID1A139  
   MPID2B199   0.976868   -0.206768   202.55     89.84   0.140998         1.0     974.0    MPIF2B139  
   MPID3B199   0.976092   -0.343779    195.0     90.03   0.141665         1.0     978.2    MPIF3B139  
   MPID4B199   0.978287     -0.4825   202.51      89.7   0.141695         1.0     983.6    MPIF4B139  
   MPID5B199   0.977124   -0.757137   194.94     89.97     0.1419         1.0     983.1    MPIF5B139  
   MPIF5A139   0.978543    0.759141   142.54     89.74   0.141388         1.0     975.6         None  
   MPIF4A139   0.976386    0.485104   135.01     90.01   0.140873         1.0     976.7         None  
   MPIF3A139   0.979288    0.347097    142.5     90.07   0.141156         1.0     972.5         None  
   MPIF2A139   0.976712    0.209354   134.99     89.87   0.140762         1.0     980.8         None  
   MPIF2B139   0.979189   -0.206991   142.51     89.59   0.141367         1.0     981.2         None  
   MPIF3B139   0.976893   -0.342781   134.98     90.05    0.14112         1.0     981.6         None  
   MPIF4B139     0.9801   -0.481829   142.54     89.86    0.14074         1.0     974.8         None  
   MPIF5B139   0.977389    -0.75695   134.89     89.79   0.141975         1.0     982.2         None  
   MPID1A011   0.977476    0.070971    15.11     90.25   0.140995         1.0     976.5    MPID1A199  
   MPID1A049   0.978581    0.070358    52.57     90.24   0.141244         1.0     975.3    MPID1A244  
   MPID1A109   0.976823    0.070024   112.49     90.37   0.141235         1.0     983.4    MPID1A011  
   MPID1A139   0.978675    0.069907   142.53     90.26   0.141923         1.0     977.6    MPID1A341  
   MPID1A244   0.976895    0.070462   247.34     89.86   0.141333         1.0     975.1    MPID1A274  
   MPID1A274   0.977603    0.070709   277.51     90.27   0.141026         1.0     977.1    MPID1A109  
   MPID1A341    0.97807    0.071305    345.1      89.9   0.141069         1.0     975.6    MPID1A049  
   MPID1B011   0.976356   -0.068409     7.59     90.12   0.140632         1.0     978.5    MPID1B199  
   MPID1B049   0.977866   -0.068107    45.11     89.95   0.140973         1.0     986.0    MPID1B244  
   MPID1B109    0.97641   -0.068526   105.01     89.82   0.141401         1.0     985.4    MPID1B011  
   MPID1B139   0.977097   -0.069144   134.99     90.01   0.141779         1.0     974.8    MPID1B341  
   MPID1B199   0.976308   -0.068969   195.03     90.29   0.141141         1.0     984.2    MPID1B139  
   MPID1B244   0.977394   -0.068917   239.85     90.29   0.140606         1.0     977.7    MPID1B274  
   MPID1B274   0.976468   -0.069516   270.12     90.15   0.141368         1.0     976.2    MPID1B109  
   MPID1B341   0.976676   -0.068876    337.6     89.75   0.141402         1.0     975.5    MPID1B049  
  ISLD66M017      2.431         0.0     17.2     270.0        0.8        60.3       nan   ISLD66M042  
  ISLD66M042      2.431         0.0     40.5     270.0        0.8        56.0       nan   ISLD66M072  
  ISLD66M072      2.431         0.0     72.4     270.0        0.8        50.1       nan   ISLD66M252  
  ISLD66M102      2.431         0.0    100.2     270.0        0.8        63.3       nan   ISLD66M132  
  ISLD66M132      2.431         0.0    132.6     270.0        0.8        70.3       nan   ISLD66M312  
  ISLD66M197      2.431         0.0    197.6     270.0        0.8        59.6       nan   ISLD66M017  
  ISLD66M252      2.431         0.0    252.4     270.0        0.8        50.1       nan   ISLD66M102  
  ISLD66M312      2.431         0.0    312.3     270.0        0.8        69.6       nan   ISLD66M197  
  ISLD67A017        2.3       0.714     17.8     292.6       0.68        61.5       nan   ISLD67A052  
  ISLD67A052        2.3       0.714     50.1     292.6       0.68        60.8       nan   ISLD67A072  
  ISLD67A072        2.3       0.714     73.0     292.6       0.68        48.9       nan   ISLD67A252  
  ISLD67A112        2.3       0.714    111.7     292.6       0.68        59.8       nan   ISLD67A132  
  ISLD67A132        2.3       0.714    133.0     292.6       0.68        71.1       nan   ISLD67A312  
  ISLD67A197        2.3       0.714    198.6     292.6       0.68        60.0       nan   ISLD67A017  
  ISLD67A252        2.3       0.714    253.0     292.6       0.68        48.9       nan   ISLD67A112  
  ISLD67A312        2.3       0.714    312.3     292.6       0.68        69.6       nan   ISLD67A197  
  ISLD67B017        2.3      -0.714     18.7    -292.6       0.68        59.7       nan   ISLD67B052  
  ISLD67B052        2.3      -0.741     51.5    -292.6       0.68        60.8       nan   ISLD67B072  
  ISLD67B072        2.3      -0.714     73.0    -292.6       0.68        48.9       nan   ISLD67B252  
  ISLD67B112        2.3      -0.741    111.9    -292.6       0.68        60.0       nan   ISLD67B132  
  ISLD67B132        2.3      -0.714    133.0    -292.6       0.68        71.1       nan   ISLD67B312  
  ISLD67B197        2.3      -0.714    198.6    -292.6       0.68        60.0       nan   ISLD67B017  
  ISLD67B252        2.3      -0.714    253.0    -292.6       0.68        48.9       nan   ISLD67B112  
  ISLD67B312        2.3      -0.714    313.2    -292.6       0.68        71.4       nan   ISLD67B197  
  ISLD79A072     1.7732      1.3259    72.22     321.0    0.21341         1.0       nan   ISLD79A222  
  ISLD79A147     1.7733      1.3267   147.22     321.0    0.21326         1.0       nan   ISLD79A072  
  ISLD79A222     1.7733      1.3267   222.11     321.0    0.21298         1.0       nan   ISLD79A272  
  ISLD79A272     1.7742      1.3252   272.87     321.0    0.21339         1.0       nan   ISLD79A147  
  ISLD79B067     2.0532     -1.1223    67.47    -310.1    0.21313         1.0       nan   ISLD79B217  
  ISLD79B142     2.0577     -1.1217   142.36    -310.1     0.2128         1.0       nan   ISLD79B067  
  ISLD79B217     2.0603     -1.1213   217.53    -310.1    0.21311         1.0       nan   ISLD79B277  
  ISLD79B277     2.0567     -1.1216   277.59    -310.1    0.21298         1.0       nan   ISLD79B142  
   ISLD5A199   0.958708    0.757872    198.8    449.82   0.132292       21.95    2426.2    ISLF5A139  
   ISLD4A199   0.958755    0.485693   198.83    450.16   0.132655       21.97    2426.2    ISLF4A139  
   ISLD3A199   0.958868    0.347416   198.81     449.9   0.132608       21.97    2426.2    ISLF3A139  
   ISLD2A199   0.959007    0.208698   198.74     449.9   0.132522       21.95    2426.2    ISLF2A139  
   ISLD2B199   0.959307    -0.20784    198.8    449.95   0.132362       21.96    2426.2    ISLF2B139  
   ISLD3B199   0.959407   -0.345495   198.81    449.85   0.132405       21.95    2426.2    ISLF3B139  
   ISLD4B199   0.959298    -0.48344   198.74    449.96   0.132681       21.95    2426.2    ISLF4B139  
   ISLD5B199   0.959282   -0.762341   198.68    450.07    0.13267       21.94    2426.2    ISLF5B139  
   ISLF5A139   0.959092    0.758541   138.74    269.85   0.132711       21.95    2426.2         None  
   ISLF4A139   0.959369    0.486181   138.82    269.97   0.132747       21.93    2426.2         None  
   ISLF3A139   0.959606    0.347875   138.84    270.01   0.132568       21.93    2426.2         None  
   ISLF2A139   0.959915    0.209396   138.73    269.69   0.132801       21.93    2426.2         None  
   ISLF2B139   0.959572   -0.207899   138.69    269.86   0.132583       21.94    2426.2         None  
   ISLF3B139   0.959442   -0.344997   138.68    269.91   0.132693       21.93    2426.2         None  
   ISLF4B139   0.959717   -0.483066   138.69    269.89   0.132626       21.93    2426.2         None  
   ISLF5B139   0.960028   -0.761531   131.13    269.96   0.132623       21.95    2426.2         None  
   ISLD1A011   0.961058    0.070322    11.33    449.94   0.132731       21.91    2426.2    ISLD1A199  
   ISLD1A049   0.960493        0.07     48.6    450.28   0.132616       21.91    2426.2    ISLD1A244  
   ISLD1A109   0.958611    0.070398   108.73    450.17   0.132696       21.96    2426.2    ISLD1A011  
   ISLD1A139   0.960639    0.070083   138.74    449.88   0.132682       21.92    2426.2    ISLD1A341  
   ISLD1A199   0.959803    0.069754   198.76    449.96    0.13268       21.94    2426.2    ISLD1A139  
   ISLD1A244   0.960876    0.069683   243.61    449.35   0.132676       21.92    2426.2    ISLD1A274  
   ISLD1A274   0.960459    0.070291    273.8    449.99   0.132424        21.9    2426.2    ISLD1A109  
   ISLD1A341   0.959612    0.070271    341.3    449.49   0.132623       21.94    2426.2    ISLD1A049  
   ISLD1B011   0.960917   -0.069408    11.35    450.46   0.132697       21.91    2426.2    ISLD1B199  
   ISLD1B049   0.959724     -0.0695    48.59    449.81    0.13268       21.93    2426.2    ISLD1B244  
   ISLD1B109   0.958401   -0.069618   108.71    449.81   0.132803       21.98    2426.2    ISLD1B011  
   ISLD1B139   0.959866   -0.070848    138.7    449.95   0.132493       21.94    2426.2    ISLD1B341  
   ISLD1B199   0.959488   -0.071037   198.75    449.89   0.132566       21.94    2426.2    ISLD1B139  
   ISLD1B244   0.960942   -0.069382   243.62    450.64   0.132521       21.92    2426.2    ISLD1B274  
   ISLD1B274   0.960135    -0.07049   273.72    450.18   0.132644       21.93    2426.2    ISLD1B109  
   ISLD1B341   0.960158   -0.069164   341.29    450.28    0.13241       21.93    2426.2    ISLD1B049  
  ESLD66M019      2.477         0.0     19.0     270.0      1.194        60.0   30959.8   ESLD66M079  
  ESLD66M079      2.477         0.0     79.0     270.0      1.194        60.0   30959.8   ESLD66M259  
  ESLD66M139      2.477         0.0    139.0     270.0      1.194        60.0   30959.8   ESLD66M319  
  ESLD66M199      2.477         0.0    199.0     270.0      1.194        60.0   30959.8   ESLD66M019  
  ESLD66M259      2.477         0.0    259.0     270.0      1.194        60.0   30959.8   ESLD66M139  
  ESLD66M319      2.477         0.0    319.0     270.0      1.194        60.0   30959.8   ESLD66M199  
         C19        3.2         0.0     19.0      90.0        1.6        58.0       nan         None  
         C79        3.2         0.0     79.0      90.0        1.6        58.0       nan         None  
        C139        3.2         0.0    139.0      90.0        1.6        58.0       nan         None  
        C199        3.2         0.0    199.0      90.0        1.6        58.0       nan         None  
        C259        3.2         0.0    259.0      90.0        1.6        58.0       nan         None  
        C319        3.2         0.0    319.0      90.0        1.6        58.0       nan         None  
        IU30      2.269      0.7575     32.7     112.4     0.5506       51.72       nan         None  
        IU90      2.269      0.7575     87.3     112.4     0.5506       51.72       nan         None  
       IU150      2.269      0.7575    152.7     112.4     0.5506       51.72       nan         None  
       IU210      2.269      0.7575    207.3     112.4     0.5506       51.72       nan         None  
       IU270      2.269      0.7575    272.7     112.4     0.5506       51.72       nan         None  
       IU330      2.269      0.7575    327.3     112.4     0.5506       51.72       nan         None  
        IL30      2.269     -0.7575     32.7      67.6     0.5506       51.72       nan         None  
        IL90      2.269     -0.7575     87.3      67.6     0.5506       51.72       nan         None  
       IL150      2.269     -0.7575    152.7      67.6     0.5506       51.72       nan         None  
       IL210      2.269     -0.7575    207.3      67.6     0.5506       51.72       nan         None  
       IL270      2.269     -0.7575    272.7      67.6     0.5506       51.72       nan         None  
       IL330      2.269     -0.7575    327.3      67.6     0.5506       51.72       nan         None  
       PCC19        3.2         0.0     19.0      90.0        1.6        58.0       nan         None  
       PCC79        3.2         0.0     79.0      90.0        1.6        58.0       nan         None  
      PCC139        3.2         0.0    139.0      90.0        1.6        58.0       nan         None  
      PCC199        3.2         0.0    199.0      90.0        1.6        58.0       nan         None  
      PCC259        3.2         0.0    259.0      90.0        1.6        58.0       nan         None  
      PCC319        3.2         0.0    319.0      90.0        1.6        58.0       nan         None  
      PCIU30      2.269      0.7575     32.7     112.4     0.5506       51.72       nan         None  
      PCIU90      2.269      0.7575     87.3     112.4     0.5506       51.72       nan         None  
     PCIU150      2.269      0.7575    152.7     112.4     0.5506       51.72       nan         None  
     PCIU210      2.269      0.7575    207.3     112.4     0.5506       51.72       nan         None  
     PCIU270      2.269      0.7575    272.7     112.4     0.5506       51.72       nan         None  
     PCIU330      2.269      0.7575    327.3     112.4     0.5506       51.72       nan         None  
      PCIL30      2.269     -0.7575     32.7      67.6     0.5506       51.72       nan         None  
      PCIL90      2.269     -0.7575     87.3      67.6     0.5506       51.72       nan         None  
     PCIL150      2.269     -0.7575    152.7      67.6     0.5506       51.72       nan         None  
     PCIL210      2.269     -0.7575    207.3      67.6     0.5506       51.72       nan         None  
     PCIL270      2.269     -0.7575    272.7      67.6     0.5506       51.72       nan         None  
     PCIL330      2.269     -0.7575    327.3      67.6     0.5506       51.72       nan         None  
       RLC19        3.2         0.0     19.0      90.0        1.6        58.0       nan         None  
       RLC79        3.2         0.0     79.0      90.0        1.6        58.0       nan         None  
      RLC139        3.2         0.0    139.0      90.0        1.6        58.0       nan         None  
      RLC199        3.2         0.0    199.0      90.0        1.6        58.0       nan         None  
      RLC259        3.2         0.0    259.0      90.0        1.6        58.0       nan         None  
      RLC319        3.2         0.0    319.0      90.0        1.6        58.0       nan         None  
